K: 6
post:[[2.36981976e-01 2.20516402e-01 9.96100711e-02 5.09179840e-02
  2.03299736e-01 1.88673831e-01]
 [3.09758559e-01 2.59484742e-01 1.72207644e-04 1.09503026e-01
  3.09403606e-01 1.16778607e-02]
 [2.16705370e-01 1.39527486e-01 3.03179253e-01 2.91342767e-01
  3.81798088e-02 1.10653149e-02]
 [2.14669669e-01 2.14298511e-01 1.16132950e-01 1.55696143e-01
  1.93803804e-01 1.05398923e-01]
 [6.76877783e-02 4.29652244e-01 8.35944131e-02 9.59687457e-02
  3.22205318e-01 8.91500302e-04]
 [8.53958052e-02 1.65532140e-01 2.33788493e-01 6.70380729e-02
  2.30987864e-01 2.17257625e-01]
 [2.26415713e-01 2.10106442e-01 1.72242645e-01 1.86015145e-01
  1.02756194e-02 1.94944437e-01]
 [4.23875722e-01 1.36638247e-01 7.57410577e-02 2.33613493e-01
  8.50783538e-02 4.50531269e-02]
 [1.93518356e-01 1.50030497e-01 4.72228839e-02 1.21960077e-01
  2.12524033e-01 2.74744153e-01]
 [2.57042711e-01 5.99850829e-02 5.01703271e-02 1.83806938e-01
  1.55129475e-01 2.93865466e-01]
 [1.39204052e-01 2.47416949e-01 1.28933004e-01 6.10223029e-02
  1.72807355e-01 2.50616337e-01]
 [2.28821374e-01 1.81886235e-01 1.99247004e-01 1.71147034e-01
  6.94464505e-02 1.49451902e-01]]
Output:
Mu: [[ 0.93768742  0.44897824  0.71836283]
 [ 0.08563129 -0.32144534 -0.67364465]
 [ 0.58568565  0.9685324  -0.50979805]
 [-0.97104664  0.23822914  0.9465976 ]
 [-0.738595   -0.34784548 -0.55489183]
 [ 0.73459752  0.35732372  0.48726491]]
Var: [0.25       0.96075807 0.55356195 0.38728473 0.91270914 0.25      ]
P: [0.21667309 0.20125625 0.12583619 0.14400264 0.16692845 0.14530337]
