K: 9
post:[[0.00414495 0.11372809 0.20508832 0.15889404 0.01209431 0.05962033
  0.23417607 0.19912057 0.01313331]
 [0.19277643 0.01707954 0.02329215 0.02472816 0.20562858 0.13248515
  0.03393518 0.13087633 0.23919847]
 [0.15109668 0.1389522  0.05626082 0.14137443 0.14973187 0.07491714
  0.05300355 0.05694449 0.1777188 ]
 [0.15438231 0.17455138 0.14811169 0.00517978 0.12280912 0.21003039
  0.13934086 0.0116739  0.03392057]
 [0.11993465 0.03416144 0.07110311 0.2151183  0.0379464  0.09426896
  0.01944777 0.25039509 0.15762427]
 [0.03401936 0.05099425 0.13239688 0.22161806 0.01736912 0.10754167
  0.20472292 0.19324294 0.0380948 ]
 [0.19032262 0.13055445 0.11139067 0.12306214 0.09095648 0.1325111
  0.03656106 0.00372948 0.18091202]
 [0.18545819 0.08636627 0.0676866  0.0529399  0.08999364 0.06789492
  0.1221404  0.15522904 0.17229104]
 [0.10936122 0.11743321 0.15934127 0.13667997 0.14329614 0.11301183
  0.00457638 0.09203937 0.1242606 ]
 [0.16469339 0.02002386 0.03354702 0.08771188 0.12738791 0.20291595
  0.17389913 0.0893232  0.10049765]
 [0.04296892 0.15309339 0.11921054 0.14686741 0.04983397 0.12009909
  0.14045386 0.07088911 0.15658371]
 [0.05471317 0.11738385 0.04929188 0.1811245  0.065958   0.28896446
  0.10853873 0.08028783 0.05373758]
 [0.15493826 0.06497811 0.16549587 0.16787802 0.04918989 0.03889138
  0.13223566 0.05266269 0.17373014]
 [0.03499594 0.07767062 0.04194838 0.07836846 0.19971145 0.08440001
  0.17184851 0.11586788 0.19518876]]
Output:
Mu: [[ 0.41077387  0.63624413]
 [ 0.53764366 -0.5266436 ]
 [ 0.49197915  0.60967321]
 [ 0.48802184  0.60538121]
 [ 0.67558557 -0.88571722]
 [ 0.42757693  0.55222412]
 [ 0.49924273  0.59304358]
 [ 0.44226616  0.60200728]
 [ 0.54203216  0.66760912]]
Var: [0.25       0.66309844 0.25       0.25       1.2884111  0.25
 0.25       0.25       0.25      ]
P: [0.11384329 0.09264076 0.09886894 0.12439608 0.09727906 0.1233966
 0.11249143 0.10730585 0.12977798]

